0.622 0.823 2.367 10
0.568 0.732 2.07 10
0.572 0.59 1.794 10
0.601 0.479 1.58 10
0.592 0.448 1.568 9
0.516 0.412 1.48 10
0.455 0.336 1.246 10
0.384 0.337 1.113 10
0.337 0.338 1.062 10
0.269 0.33 0.99 10
0.242 0.357 0.891 10
0.243 0.278 0.81 10
0.176 0.259 0.695 10
0.141 0.199 0.591 13
0.204 0.127 0.558 6
0.218 0.149 0.467 10
0.102 0.099 0.412 10
0.074 0.124 0.336 10
0.05 0.103 0.277 10
0.079 0.023 0.327 10
0.062 0.073 0.285 9
0.125 0.065 0.265 10
0.078 0.119 0.213 10
0.027 0.09 0.243 10
0.033 0.107 0.184 10
-0.012 0.087 0.192 10
-0.003 0.044 0.147 10
0.005 0.074 0.123 10
-0.02 0.058 0.128 9
-0.078 0.061 0.089 10
-0.122 -0.03 0.046 10
-0.119 0.049 0.084 10
-0.115 0.044 0.119 10
-0.112 -0.028 0.081 10
-0.032 -0.017 0.099 10
0.005 -0.006 0.123 10
0.013 0.028 0.12 10
0.037 0.042 0.108 9
0.0 0.072 0.062 10
0.016 0.048 0.082 10
-0.027 0.017 0.039 10
0.0 -0.053 -0.015 10
-0.007 -0.013 0.037 10
0.001 -0.003 0.024 10
-0.041 -0.002 0.022 10
-0.029 -0.019 0.054 9
-0.008 0.059 0.1 10
-0.007 0.036 0.047 10
-0.007 0.024 0.025 10
-0.015 0.064 0.005 11
-0.03 0.015 -0.003 9
-0.096 0.013 -0.002 10
-0.147 0.003 -0.054 10
-0.089 -0.005 -0.005 9
-0.08 0.029 0.046 10
-0.098 0.069 0.015 10
-0.079 0.019 0.005 10
-0.063 0.043 0.005 10
-0.013 0.004 -0.055 10
-0.003 -0.03 -0.05 10
0.013 0.05 0.006 10
-0.004 0.002 -0.037 10
-0.047 -0.032 0.044 9
-0.103 0.048 0.065 10
-0.075 0.017 0.076 10
-0.085 0.033 0.034 10
-0.059 0.047 0.065 10
-0.053 0.016 0.05 10
-0.048 -0.028 -0.032 10
-0.034 -0.008 -0.063 10
-0.082 0.001 -0.203 11
-0.143 0.044 -0.114 9
-0.155 0.082 0.0 10
-0.208 0.074 -0.034 10
-0.161 0.032 0.038 10
-0.119 -0.005 0.086 10
-0.073 -0.013 0.198 10
-0.066 0.005 0.152 10
-0.145 -0.012 0.102 9
-0.018 0.066 -0.036 10
0.008 0.042 0.061 10
0.042 -0.013 0.089 10
-0.013 -0.02 0.046 10
-0.089 -0.01 -0.018 10
-0.158 -0.077 0.043 9
-0.159 -0.096 -0.003 10
-0.109 -0.095 -0.149 10
-0.107 -0.128 -0.255 10
-0.122 -0.193 -0.247 10
-0.118 -0.165 -0.334 10
-0.08 -0.217 -0.292 9
-0.064 -0.152 -0.133 10
-0.169 -0.068 -0.008 10
-0.342 -0.354 -0.136 10
-0.161 -0.155 -0.519 10
0.276 -0.277 -0.683 10
0.352 -0.706 -0.83 10
-0.199 -0.558 -0.738 10
-0.636 -0.692 -0.311 9
-1.469 -1.674 0.348 10
-1.02 -0.653 0.494 10
-0.22 0.161 0.902 10
0.292 0.084 1.13 10
0.608 -0.302 1.586 12
0.719 -0.686 1.798 7
0.509 -0.79 1.756 10
0.217 -0.909 1.977 10
-0.002 -1.051 2.159 10
-0.174 -1.239 2.322 10
-0.174 -1.235 2.391 10
-0.096 -1.258 2.488 10
-0.061 -1.615 2.567 10
-0.08 -2.048 2.233 9
-0.055 -2.628 1.656 10
-0.015 -2.925 0.887 10
-0.117 -3.046 0.135 10
-0.407 -3.397 -0.473 10
-0.719 -3.54 -0.917 10
-0.915 -3.496 -1.084 10
-0.987 -3.62 -0.958 9
-0.992 -2.767 -0.888 10
-0.737 -2.275 -0.178 10
-0.603 -1.728 0.226 10
-0.465 -1.409 0.41 10
-0.272 -1.216 0.525 10
-0.279 -1.06 0.593 10
-0.251 -0.687 0.844 10
-0.209 -0.032 1.113 10
-0.128 0.393 1.122 9
0.065 0.801 1.13 10
0.222 1.187 0.871 10
0.166 1.404 0.448 10
0.002 1.384 0.032 10
-0.092 1.384 -0.522 10
-0.272 1.288 -0.849 10
-0.374 1.297 -1.238 10
-0.38 1.383 -0.942 9
-0.393 1.641 -0.847 10
-0.38 1.77 -0.418 10
-0.35 1.765 -0.109 10
-0.393 1.744 0.341 10
-0.664 1.656 0.72 10
-0.882 1.645 0.933 10
-1.018 1.644 1.158 10
-1.183 1.695 1.663 10
-1.392 1.733 2.109 9
-1.443 1.801 2.828 10
-1.402 2.077 3.339 10
-1.287 2.309 3.53 10
-1.236 2.009 3.195 10
-1.285 1.645 2.513 10
-1.286 1.333 1.813 10
-1.416 1.019 1.115 9
-1.541 0.865 0.572 10
-1.508 0.787 0.067 10
-1.495 0.666 -0.62 10
-1.431 0.582 -1.17 10
-1.349 0.472 -1.44 10
-1.248 0.45 -1.736 10
-1.201 0.466 -1.83 10
-0.995 0.522 -1.905 10
-0.757 0.522 -2.12 9
-0.561 0.496 -2.364 10
-0.444 0.455 -2.266 10
-0.339 0.487 -1.987 10
-0.03 0.619 -2.159 10
0.231 0.574 -2.167 10
0.208 0.387 -1.951 10
0.101 0.383 -1.626 10
0.203 0.646 -1.446 9
0.251 0.797 -0.922 10
0.312 0.761 -0.184 10
0.557 0.874 -0.001 10
0.967 0.812 -0.277 10
1.353 0.636 -0.715 10
1.76 0.573 -1.195 10
1.782 0.567 -1.317 10
1.699 0.571 -1.426 10
1.607 0.436 -1.456 9
1.584 0.211 -1.578 10
1.572 0.147 -1.687 12
1.613 0.365 -1.734 8
1.701 0.544 -1.328 10
1.635 0.705 -1.031 10
1.6 1.048 -1.031 10
1.509 1.193 -1.213 10
1.47 1.1 -1.143 9
1.435 1.102 -1.347 10
1.387 0.862 -1.566 10
1.239 0.354 -1.53 10
1.003 -0.129 -1.713 10
0.799 -0.435 -1.835 10
0.849 -0.624 -1.643 10
1.16 -0.682 -1.513 9
1.475 -0.381 -1.43 10
1.715 -0.059 -1.417 10
1.846 0.075 -1.258 10
1.885 0.18 -1.27 10
1.714 0.136 -1.013 10
1.465 -0.127 -0.688 10
1.318 -0.329 -0.766 10
1.229 -0.443 -1.034 9
1.184 -0.407 -1.465 10
0.971 -0.272 -1.715 10
0.822 -0.305 -1.776 10
0.636 -0.378 -1.702 10
0.512 -0.392 -1.652 10
0.409 -0.499 -1.642 10
0.36 -0.914 -1.607 10
0.272 -1.297 -1.231 9
0.167 -1.141 -1.263 10
0.185 -0.691 -1.386 10
0.115 -0.493 -1.058 10
-0.077 -0.521 -0.901 10
-0.457 -0.572 -0.733 10
-0.834 -0.618 -0.608 10
-1.043 -0.737 -0.418 10
-1.129 -1.017 -0.419 10
-1.386 -1.381 -0.653 9
-1.592 -1.734 -0.622 10
-1.778 -1.604 -0.43 10
-1.609 -1.383 0.224 10
-1.43 -0.9 0.899 10
-1.193 -0.577 1.008 10
-0.935 -0.648 0.596 10
-0.807 -0.842 -0.126 9
-0.787 -1.085 -0.57 10
-0.777 -1.701 -0.53 10
-0.915 -2.332 -0.675 10
-1.297 -2.685 -0.418 10
-1.443 -2.529 0.304 10
-1.066 -1.888 1.187 10
-0.52 -1.458 1.387 10
-0.287 -1.208 1.084 10
-0.155 -0.941 0.433 9
-0.312 -1.381 -0.273 11
-0.849 -2.2 -0.703 9
-1.247 -2.738 -0.52 10
-1.657 -2.663 -0.201 10
-2.051 -2.551 0.43 10
-2.294 -2.417 1.568 10
-2.134 -2.011 2.307 9
-1.739 -1.629 2.404 10
-1.341 -1.596 2.31 10
-0.94 -1.557 2.062 10
-0.63 -1.556 1.545 10
-0.619 -1.65 1.512 10
-0.669 -1.683 2.257 10
-0.8 -1.438 3.057 10
-0.893 -0.966 3.751 9
-0.622 -0.576 4.143 10
-0.181 -0.545 4.177 10
0.336 -0.887 3.785 10
0.811 -1.306 3.165 10
1.247 -1.331 3.055 10
1.579 -1.034 2.982 10
1.973 -0.594 3.012 10
2.155 -0.121 2.969 9
2.387 0.399 2.853 10
2.58 0.807 2.533 10
2.373 0.493 2.168 10
1.895 -0.089 2.02 10
1.386 -0.365 2.12 10
0.963 -0.389 2.028 10
0.444 -0.608 1.817 10
-0.228 -0.746 1.618 9
-0.473 -0.318 1.284 10
-0.606 -0.2 0.672 11
-0.865 -0.395 -0.299 9
-1.054 -0.821 -0.829 10
-1.336 -1.247 -0.72 10
-1.72 -1.441 -0.131 10
-1.892 -1.521 1.208 10
-1.832 -1.154 2.76 10
-1.382 -0.004 3.423 9
-0.77 0.961 3.805 10
-0.322 1.132 3.579 10
0.192 0.812 2.739 10
0.526 0.601 1.43 10
0.646 0.55 -0.082 10
0.581 0.357 -1.039 10
0.247 0.123 -1.185 10
-0.277 0.136 -0.842 9
-0.369 0.459 -0.456 10
-0.22 0.921 -0.342 10
-0.078 1.165 -0.506 10
0.024 1.057 -0.826 10
0.065 0.917 -1.338 10
0.101 0.687 -1.971 10
-0.106 0.472 -2.472 10
-0.501 0.433 -2.673 9
-0.933 0.373 -2.94 10
-1.478 0.215 -3.172 10
-2.019 -0.03 -3.148 10
-2.309 -0.191 -2.867 10
-2.569 -0.249 -2.546 10
-2.683 -0.078 -2.231 10
-2.449 0.309 -1.465 10
-2.04 0.821 -0.655 9
-1.552 1.178 0.194 10
-1.276 1.543 0.649 10
-1.079 1.656 0.808 10
-0.911 1.482 0.856 10
-1.035 1.161 0.572 10
-1.251 0.829 0.429 10
-1.238 0.746 0.3 9
-1.217 0.749 -0.065 10
-1.216 0.933 -0.067 10
-1.198 0.831 -0.173 10
-1.293 0.463 -0.138 10
-1.371 0.546 0.133 10
-1.242 0.948 0.689 10
-1.239 1.198 1.12 10
-1.123 1.527 1.646 10
-0.847 1.934 1.912 9
-0.763 1.887 2.04 10
-0.997 1.492 1.801 10
-1.173 1.334 1.285 10
-1.15 1.355 1.053 10
-1.216 1.272 0.999 10
-1.138 1.187 1.106 10
-1.032 1.353 1.073 9
-0.826 1.485 0.957 10
-0.562 1.5 0.922 10
-0.445 1.35 0.623 10
-0.625 1.12 0.569 10
-0.786 1.077 0.753 10
-0.88 0.34 0.566 10
-0.197 0.892 0.906 10
0.563 1.208 -0.046 10
0.92 1.156 -0.679 9
1.224 0.937 -0.999 10
1.619 1.266 -1.433 10
1.767 1.673 -0.79 10
1.763 1.773 0.262 10
1.587 2.01 0.615 10
1.48 1.895 0.605 10
1.435 1.697 0.639 9
1.49 1.656 0.248 10
1.487 1.43 -0.155 10
1.433 1.08 -0.596 10
1.505 0.627 -1.063 10
1.432 0.254 -1.249 10
1.427 0.212 -1.323 10
1.569 0.018 -1.475 10
1.558 -0.267 -1.267 10
1.497 -0.215 -1.045 9
1.615 0.039 -0.777 13
1.738 0.233 -0.389 7
1.977 0.434 -0.134 10
2.168 0.632 -0.035 10
2.071 0.646 -0.014 10
1.873 0.771 -0.142 10
1.875 0.849 -0.429 9
1.757 0.48 -0.895 10
1.477 0.216 -1.702 10
1.243 0.263 -2.514 10
1.179 0.237 -2.823 10
1.061 -0.018 -3.161 10
1.024 -0.361 -3.405 10
0.948 -0.403 -3.694 10
0.87 -0.087 -3.773 9
0.929 0.335 -3.68 10
1.112 0.474 -3.708 10
1.156 0.59 -3.872 10
1.187 0.738 -3.528 10
1.241 1.043 -2.985 10
1.384 1.422 -2.695 10
1.625 1.503 -2.581 10
1.833 1.086 -1.909 9
1.787 0.615 -1.994 10
1.703 0.226 -2.493 10
1.481 -0.097 -2.959 10
1.376 -0.139 -3.318 10
1.316 -0.125 -3.262 10
1.305 -0.087 -2.944 10
1.269 0.024 -2.4 10
1.341 0.461 -1.858 10
1.465 0.51 -1.086 9
1.474 -0.169 -0.331 10
1.266 -0.902 -0.048 10
0.657 -0.484 -0.009 10
0.16 -0.134 0.086 10
-0.165 -0.353 0.526 10
-0.476 -0.551 0.611 10
-0.498 -0.513 0.171 9
-0.275 -0.522 -0.242 10
0.079 -0.642 -0.468 10
0.347 -0.517 -0.869 10
0.424 -0.543 -0.929 10
0.494 -0.92 -0.612 10
0.255 -1.543 -0.068 10
-0.158 -1.94 -0.035 10
-0.418 -1.66 -0.626 9
-0.454 -1.46 -0.572 10
-0.365 -1.202 -0.567 10
-0.122 -0.978 -0.57 10
0.217 -0.846 -0.479 10
0.437 -0.821 -0.603 10
0.505 -0.739 -0.465 10
0.661 -0.717 -0.203 10
0.466 -0.869 -0.252 9
0.005 -1.205 -0.02 11
-0.425 -1.584 0.404 9
-0.779 -2.029 0.734 10
-0.942 -2.403 0.876 10
-0.865 -2.206 1.004 10
-0.468 -1.529 1.058 10
-0.292 -1.419 1.047 10
-0.435 -2.061 1.158 10
-0.521 -2.027 1.37 9
-0.529 -1.67 1.371 10
-0.545 -1.468 1.458 10
-0.594 -1.252 1.527 10
-0.638 -1.11 1.443 10
-0.816 -1.533 0.911 10
-1.087 -2.362 0.717 10
-1.082 -2.798 1.11 10
-1.025 -2.432 1.37 9
-0.716 -1.353 1.578 10
-0.55 -0.847 1.618 10
-0.736 -1.279 1.37 10
-0.981 -1.565 1.216 10
-1.59 -1.676 1.249 10
-2.267 -1.922 1.564 10
-2.454 -2.04 2.2 10
-2.407 -2.12 3.015 9
-2.261 -2.736 3.868 10
-1.793 -2.841 4.059 10
-1.14 -2.031 4.179 10
-0.509 -1.009 4.269 10
-0.027 -0.365 4.695 10
0.57 0.101 5.553 10
1.047 0.453 6.092 9
1.425 0.485 5.949 10
1.489 0.256 5.44 10
1.504 0.109 4.672 10
1.526 0.228 3.963 10
1.391 0.317 2.972 10
1.131 0.078 2.037 10
0.863 -0.48 1.454 10
0.612 -1.01 0.929 9
0.241 -1.331 0.621 10
-0.101 -1.0 0.171 10
-0.324 -0.693 0.059 10
-0.412 -0.804 -0.024 10
-0.405 -0.913 -0.194 10
-0.313 -0.4 -0.855 10
-0.299 -0.429 -1.425 10
-0.476 -1.23 -1.713 9
-0.756 -1.926 -2.188 10
-1.051 -2.018 -2.788 10
-1.23 -1.764 -3.018 10
-1.391 -1.597 -2.802 10
-1.528 -1.402 -2.453 10
-1.53 -1.288 -2.061 10
-1.369 -1.168 -2.053 10
-1.18 -1.068 -1.994 9
-1.036 -1.108 -2.157 10
-0.984 -1.204 -2.501 10
-0.963 -1.239 -2.665 10
-0.962 -1.158 -2.588 10
-0.9 -0.835 -2.243 10
-0.862 -0.614 -1.527 10
-0.896 -0.242 -0.297 9
-0.686 0.962 1.145 10
-0.212 2.107 1.996 10
0.179 2.629 2.658 10
0.376 2.719 2.953 10
0.416 2.749 2.675 10
0.047 2.56 1.95 10
-0.517 1.916 1.324 10
-1.086 1.38 0.907 11
-1.443 1.337 0.299 9
-1.591 1.168 -0.186 10
-1.889 0.965 -0.323 10
-2.096 1.007 -0.342 10
-2.102 1.337 -0.041 10
-2.133 1.401 0.419 10
-2.247 1.296 0.894 10
-2.385 1.399 1.288 9
-2.344 1.457 1.357 10
-2.196 1.294 1.101 10
-1.89 1.13 0.654 10
-1.925 0.983 0.089 10
-2.034 0.686 -0.324 10
-2.167 0.402 -0.567 10
-2.105 0.362 -0.399 9
-2.128 0.593 -0.057 10
-2.165 0.585 0.344 10
-1.983 0.639 0.715 10
-2.017 0.928 1.316 10
-2.126 1.102 1.503 10
-2.128 0.923 1.266 9
-2.157 0.779 1.019 10
-2.277 0.968 0.908 10
-2.412 1.208 0.68 10
-2.438 1.276 0.715 10
-2.426 1.812 0.35 10
-2.451 2.614 -0.175 9
-2.447 3.007 -0.106 10
-2.409 2.836 -0.13 10
-2.496 2.587 -0.513 10
-2.479 2.664 -1.031 10
-2.171 2.57 -1.47 10
-1.824 2.347 -1.789 10
-1.392 2.371 -1.618 9
-0.727 2.531 -1.413 10
-0.189 2.648 -1.203 10
0.252 2.693 -0.988 10
0.778 2.76 -0.639 10
1.097 2.519 -0.377 10
1.383 2.163 -0.184 10
1.823 1.826 0.092 10
2.097 1.635 0.531 9
2.827 1.368 0.607 10
3.561 1.188 0.581 10
4.144 1.086 0.669 10
4.221 0.823 0.783 10
4.351 0.499 0.894 10
4.295 0.371 0.814 9
4.253 0.395 0.706 10
4.121 0.39 0.687 10
4.036 0.351 0.817 10
3.926 0.134 1.097 10
3.8 0.216 1.298 10
3.549 0.384 1.099 10
3.169 0.613 0.851 12
2.671 0.534 0.344 8
2.128 0.239 -0.112 9
1.708 -0.025 -0.678 10
1.425 -0.522 -1.61 10
1.291 -0.987 -2.923 10
1.179 -1.492 -3.579 10
1.122 -1.825 -4.135 9
1.259 -1.789 -4.686 10
1.444 -1.628 -5.149 10
1.549 -1.723 -4.694 10
1.498 -1.775 -3.819 10
1.305 -1.451 -3.274 10
1.295 -1.09 -2.722 10
1.329 -0.93 -2.743 9
1.205 -0.819 -2.943 10
1.033 -0.772 -2.726 10
1.145 -0.703 -2.453 10
1.22 -0.866 -2.104 10
1.227 -0.925 -1.627 10
1.423 -0.773 -1.309 10
1.565 -0.419 -1.316 10
1.797 -0.145 -1.417 10
1.979 -0.139 -1.853 9
1.927 -0.297 -2.047 10
1.881 -0.724 -1.911 10
1.59 -1.281 -1.797 10
1.069 -1.549 -2.109 10
0.643 -1.593 -2.286 10
0.553 -1.382 -2.048 10
0.627 -1.036 -1.464 10
0.822 -0.39 -1.404 9
0.99 0.053 -1.367 10
1.012 0.074 -0.834 10
0.988 -0.708 0.292 10
0.691 -0.896 0.262 10
0.38 -0.289 -0.332 10
0.282 -0.071 -0.454 9
0.193 -0.055 -0.417 10
0.122 0.036 -0.634 10
-0.001 -0.243 -0.631 10
-0.165 -0.58 -0.49 10
-0.355 -0.496 -0.424 10
-0.526 -0.326 -0.33 10
-0.577 -0.276 -0.348 10
-0.502 -0.059 -0.443 9
-0.426 0.386 -0.7 10
-0.418 0.235 -0.294 10
-0.376 -0.098 -0.006 10
-0.226 0.109 -0.29 10
-0.143 -0.159 -0.528 10
-0.181 -0.876 -0.906 10
-0.24 -1.616 -1.057 10
-0.621 -2.049 -0.847 9
-0.817 -2.352 -0.047 10
-0.762 -2.212 1.68 10
-0.634 -2.129 3.512 10
-0.863 -2.045 4.876 10
-1.251 -1.599 5.776 10
-1.591 -0.775 6.31 10
-1.596 -0.362 6.524 9
-1.419 -0.438 6.095 10
-0.777 -0.385 5.124 10
-0.527 -0.476 3.612 10
-0.853 -1.247 2.811 10
-1.173 -1.777 2.659 10
-1.582 -1.677 2.35 10
-1.596 -1.38 2.356 10
-1.057 -0.639 2.655 10
-0.098 0.579 2.312 9
0.428 1.142 1.848 10
0.454 0.459 1.43 10
0.529 0.0 1.339 10
0.623 -0.336 1.403 10
0.423 -1.121 1.694 10
0.303 -1.319 2.274 10
0.471 -0.541 2.771 10
0.941 0.71 3.442 9
1.338 2.104 3.503 10
1.609 2.799 2.17 10
1.405 2.355 1.186 10
1.032 1.18 0.593 10
0.523 -0.014 -0.336 10
-0.088 -0.901 -0.75 10
-0.502 -1.207 -0.581 10
-0.632 -0.759 -0.204 9
-0.655 -0.295 0.376 10
-0.728 -0.196 0.881 10
-0.913 -0.056 1.147 10
-1.003 0.362 1.049 10
-1.127 0.283 0.608 11
-1.385 -0.244 -0.038 9
-1.556 -0.797 -0.491 10
-1.504 -1.002 -0.709 9
-1.345 -0.833 -0.948 10
-1.245 -0.844 -1.267 10
-1.181 -0.837 -1.597 10
-1.192 -0.779 -2.067 10
-1.245 -0.848 -2.291 10
-1.319 -1.185 -2.51 10
-1.221 -1.687 -3.009 9
-1.108 -2.312 -3.285 10
-0.902 -2.839 -3.491 10
-0.708 -2.65 -3.918 10
-0.353 -2.04 -4.034 10
0.095 -1.56 -3.958 10
0.525 -1.301 -3.7 10
0.817 -1.058 -2.994 10
0.856 -0.634 -2.272 10
0.814 -0.424 -1.519 10
0.724 -0.433 -0.919 9
0.617 -0.235 -0.491 10
0.633 0.055 0.048 10
0.63 0.446 0.785 10
0.592 0.755 1.594 10
0.352 0.921 2.245 10
0.274 1.035 2.374 10
0.203 0.897 1.955 9
0.235 0.558 1.484 10
0.573 0.476 1.301 10
0.826 0.687 1.257 10
0.993 0.799 1.424 10
0.842 0.84 2.29 10
0.81 1.514 3.492 10
1.03 1.975 4.858 10
1.143 2.113 5.553 9
0.959 2.117 5.428 10
0.743 1.932 5.118 10
0.229 1.54 4.331 10
-0.345 0.869 3.449 10
-0.965 0.472 2.458 10
-1.619 0.192 0.712 10
-2.319 -0.559 -0.685 9
-2.793 -1.193 -1.246 10
-3.307 -1.341 -1.363 10
-3.554 -1.267 -1.071 10
-4.008 -0.985 -0.387 10
-4.125 -0.628 0.367 10
-3.971 -0.022 1.261 10
-3.806 0.557 1.729 10
-3.951 0.544 1.53 9
-4.073 0.507 1.291 10
-4.157 0.525 1.119 10
-4.328 0.602 0.878 10
-4.369 0.74 0.712 10
-4.466 1.416 0.081 10
-4.399 2.076 -0.392 10
-4.149 2.428 -0.939 10
-3.915 2.703 -1.336 10
-3.609 2.751 -1.547 9
-3.455 2.985 -1.254 10
-3.092 3.393 -0.629 10
-2.559 3.691 -0.023 10
-2.088 3.391 0.177 10
-1.681 2.957 -0.245 10
-1.237 2.661 -0.798 10
-0.889 2.326 -0.899 9
-0.421 2.3 -0.663 10
0.129 2.613 -0.364 10
0.806 2.748 -0.457 10
1.147 2.603 -0.687 10
1.446 2.256 -0.868 10
1.586 1.72 -0.885 10
1.755 1.41 -0.606 9
2.002 1.149 -0.503 10
2.12 0.999 -0.426 10
2.46 0.882 -0.272 10
2.929 0.932 -0.313 12
3.3 0.907 -0.403 8
3.496 0.67 -0.405 10
3.413 0.362 -0.296 10
3.382 0.032 -0.137 9
3.552 -0.254 0.083 10
3.645 -0.341 0.117 10
3.634 -0.031 0.545 10
3.84 0.368 0.965 10
3.861 0.322 0.946 10
3.466 0.023 0.601 10
2.964 0.038 0.144 10
2.659 0.008 -0.464 10
2.272 -0.018 -1.184 9
1.985 0.061 -1.919 10
1.803 0.046 -2.736 10
1.925 -0.096 -3.083 10
2.12 -0.551 -3.498 10
1.934 -1.013 -4.019 10
1.766 -1.61 -4.738 10
1.607 -1.682 -5.694 9
1.558 -1.505 -6.383 10
1.489 -1.527 -6.426 10
1.581 -1.434 -6.171 10
1.845 -1.058 -5.899 10
2.074 -0.694 -5.119 10
2.306 -0.09 -4.366 10
2.464 0.332 -3.662 10
2.39 0.109 -2.942 10
1.909 0.055 -2.114 9
1.529 0.239 -1.256 10
1.341 0.344 -0.992 10
1.129 0.327 -0.971 10
0.81 0.096 -0.986 10
0.539 -0.214 -1.18 10
0.339 -0.65 -1.545 10
0.158 -1.128 -1.597 10
-0.089 -1.506 -1.239 9
-0.132 -1.364 -1.27 10
0.001 -1.176 -0.953 10
0.156 -1.041 -0.41 10
0.373 -0.894 0.225 10
0.577 -0.572 0.116 10
0.855 -0.256 -0.101 10
1.158 -0.187 0.011 10
1.145 -0.263 -0.135 9
0.867 -0.461 -0.38 10
0.478 -0.604 -0.489 10
0.224 -0.708 -0.638 10
0.02 -0.732 -0.885 10
-0.05 -0.564 -1.296 10
-0.071 -0.395 -1.313 10
-0.02 -0.554 -0.871 9
-0.087 -0.878 -0.482 10
-0.182 -1.29 -0.012 10
-0.362 -1.514 0.282 10
-0.662 -1.397 0.503 10
-0.604 -0.999 0.832 10
-0.199 -0.511 0.956 10
0.113 -0.037 0.783 10
0.309 0.189 0.765 9
0.14 -0.061 1.291 10
-0.218 -0.71 1.852 10
-0.886 -1.139 1.891 10
-1.435 -1.456 1.891 10
-2.196 -1.612 2.029 10
-2.735 -1.537 1.387 10
-3.091 -1.564 0.593 10
-3.238 -1.994 0.482 10
-3.544 -2.82 0.804 9
-3.948 -3.434 1.017 10
-3.941 -4.418 1.527 10
-3.71 -4.459 1.788 10
-2.753 -4.194 2.549 10
-1.849 -3.214 3.526 10
-1.147 -1.41 4.949 10
-0.213 0.083 5.704 10
0.79 0.704 6.064 9
1.237 0.116 5.648 10
1.294 -1.006 4.979 10
1.414 -1.38 3.542 10
1.919 -0.483 1.688 10
2.348 0.064 0.605 10
2.208 -0.166 0.398 10
1.41 -0.666 1.824 10
1.251 -0.608 3.158 9
0.859 -1.03 4.799 10
0.704 -0.901 4.896 10
1.159 0.481 4.036 10
1.888 1.596 2.607 10
2.397 2.238 0.898 11
2.649 2.67 -0.277 9
2.393 2.403 -0.663 10
1.74 1.369 -0.14 9
0.885 0.06 2.252 10
0.262 0.744 4.208 10
0.382 2.255 5.597 10
1.076 3.46 5.761 10
1.943 4.407 4.478 10
2.041 4.69 2.703 10
1.501 3.928 0.829 10
0.342 2.906 -1.347 10
-0.734 1.857 -2.574 9
-1.574 1.171 -2.713 10
-2.141 1.451 -2.657 10
-2.125 1.943 -2.055 10
-1.921 2.042 -0.703 10
-1.815 2.329 -0.323 10
-1.806 2.493 -0.04 10
-1.841 2.579 0.394 10
-1.484 2.528 0.656 9
-0.896 2.215 -0.038 10
-0.479 1.89 -1.232 10
-0.224 1.563 -2.307 10
0.099 1.346 -3.567 10
0.167 1.479 -3.857 10
-0.03 1.443 -3.342 10
-0.311 1.488 -2.542 10
-0.487 1.27 -1.693 9
-0.447 0.885 -1.403 10
-0.325 0.495 -1.59 10
0.009 0.118 -1.673 10
0.439 0.218 -1.971 10
0.826 0.48 -1.558 10
1.234 0.777 -1.445 10
1.326 1.122 -1.223 10
1.013 0.975 -0.765 9
0.196 0.446 -0.8 10
-0.417 0.083 -0.953 10
-0.712 -0.226 -0.789 10
-0.537 -0.359 -0.727 10
-0.095 -0.228 -0.852 10
0.439 0.156 -0.56 10
1.076 0.606 0.003 10
1.21 0.855 0.675 9
1.14 0.925 0.901 10
1.052 0.824 1.155 11
1.024 0.629 1.212 10
0.93 0.325 0.488 10
0.812 -0.051 -0.336 10
0.67 -0.391 -0.526 10
0.517 -0.567 -0.655 9
0.465 -0.459 -0.667 10
0.531 -0.266 -0.609 10
0.831 -0.274 -0.005 10
1.222 0.106 0.184 10
1.332 0.173 -0.755 9
1.277 0.069 -0.499 10
0.606 -0.325 -0.044 10
0.157 -0.24 -0.341 10
-0.047 -0.225 -0.798 10
-0.18 -0.383 -1.141 10
-0.179 -0.379 -0.975 10
-0.11 -0.092 -0.42 9
-0.004 0.227 0.121 10
0.237 0.308 0.221 10
0.558 0.251 0.026 10
0.692 0.097 -0.243 10
0.562 -0.093 -0.399 10
0.385 -0.463 -0.428 10
0.252 -0.52 -0.618 9
0.244 -0.451 -0.763 10
0.323 -0.388 -0.67 10
0.351 -0.263 -0.335 10
0.393 -0.134 -0.147 10
0.414 -0.146 -0.003 10
0.062 -0.33 -0.158 9
-0.15 -0.357 -0.555 13
0.08 -0.347 -0.819 7
0.442 -0.088 -0.883 10
0.777 0.566 -0.838 10
1.079 0.794 -0.427 10
0.997 0.533 0.348 10
0.819 0.601 0.313 9
0.703 0.558 0.419 11
0.46 0.312 0.446 9
0.371 0.066 0.29 10
0.299 -0.233 -0.057 10
0.338 -0.201 -0.276 10
0.184 0.749 -2.963 10
0.657 0.769 -0.641 10
0.815 0.52 0.818 9
0.535 0.045 0.874 10
0.249 -0.432 0.442 10
0.069 -0.51 -0.092 10
0.01 -0.355 -0.376 10
0.13 0.058 -0.33 10
0.306 0.285 -0.426 10
0.508 0.265 -0.22 10
0.57 0.239 -0.206 9
0.487 0.223 -0.186 10
0.266 0.098 -0.245 10
0.067 0.079 -0.505 10
0.017 0.054 -0.713 10
0.17 0.109 -0.676 10
0.213 0.132 -0.591 10
0.278 0.136 -0.299 10
0.311 -0.014 -0.062 9
0.297 -0.073 0.021 10
0.284 -0.117 -0.024 10
0.325 0.005 -0.09 10
0.404 0.039 -0.133 10
0.269 -0.024 -0.145 10
0.147 -0.237 -0.01 10
0.167 -0.472 0.068 10
0.271 -0.304 0.319 9
0.278 -0.041 0.494 10
0.112 0.092 0.419 10
-0.053 0.143 0.23 10
-0.16 0.284 -0.645 10
0.648 0.652 -0.822 10
0.213 -0.412 -0.162 10
0.743 -0.388 0.008 9
0.772 -0.065 -0.112 10
0.428 0.053 -0.084 10
0.049 -0.003 -0.136 10
0.182 0.099 -0.458 10
0.043 -0.116 -0.378 10
-0.064 -0.131 -0.159 10
-0.083 -0.023 -0.065 10
-0.04 0.03 0.044 9
-0.071 0.182 0.255 10
-0.184 0.285 0.419 10
-0.252 0.282 0.566 10
-0.244 0.185 0.613 10
-0.271 0.106 0.491 10
-0.339 0.087 0.313 10
-0.443 0.061 0.066 10
-0.597 -0.039 -0.129 10
-0.666 -0.061 -0.22 9
-0.608 -0.046 -0.258 10
-0.513 -0.067 -0.215 10
-0.436 -0.061 -0.219 10
-0.418 -0.02 -0.137 10
-0.445 0.067 -0.02 10
-0.409 0.043 0.119 10
-0.385 0.108 0.193 9
-0.39 0.045 0.226 10
-0.411 -0.191 0.151 10
-0.327 0.172 0.472 10
-0.13 0.327 0.572 10
-0.204 0.148 0.239 10
-0.278 -0.064 0.06 10
-0.233 -0.222 0.148 10
-0.27 -0.26 0.116 10
-0.32 -0.191 0.156 9
-0.314 0.0 0.227 10
-0.369 0.112 0.221 10
-0.513 0.006 0.087 10
-0.591 -0.054 0.009 10
-0.558 0.019 0.0 10
-0.554 0.017 -0.042 10
-0.688 -0.164 -0.236 9
-0.748 -0.277 -0.307 10
-0.475 -0.353 -0.096 10
0.175 0.061 0.473 10
0.304 0.382 1.046 10
0.11 0.421 0.89 10
-0.202 0.043 0.465 10
-0.38 -0.262 0.03 10
-0.394 -0.253 -0.213 9
-0.251 -0.159 -0.218 10
-0.114 -0.1 -0.058 10
-0.051 -0.012 0.102 10
-0.002 -0.011 0.161 10
0.006 0.007 0.084 10
-0.02 -0.053 0.007 10
-0.018 -0.169 -0.01 10
-0.068 -0.195 -0.018 9
-0.121 -0.158 -0.007 11
-0.187 -0.168 0.027 9
-0.202 -0.16 0.007 10
-0.225 -0.213 0.032 10
-0.125 -0.166 0.081 10
0.007 -0.106 0.124 10
0.136 0.085 0.12 10
0.079 0.188 0.039 10
-0.152 0.204 -0.015 9
-0.232 0.175 0.071 10
-0.234 0.2 0.219 10
-0.09 0.163 0.335 10
0.039 0.155 0.414 10
-0.007 0.062 0.364 10
-0.153 -0.012 0.267 10
-0.302 -0.192 0.171 10
-0.245 -0.155 0.128 9
-0.186 -0.105 0.072 10
-0.064 -0.077 0.022 10
0.002 -0.156 0.037 10
-0.041 -0.192 0.102 10
-0.106 -0.268 0.152 10
-0.138 -0.206 0.051 9
-0.116 -0.367 -0.298 10
-0.061 -0.313 -0.587 10
-0.339 0.33 -0.391 10
-0.435 0.486 -0.688 10
-0.529 0.403 -1.153 10
-0.51 0.19 -1.348 10
-0.554 -0.009 -1.377 10
-0.585 0.077 -0.86 10
-0.5 0.173 0.078 9
-0.321 0.294 0.76 10
-0.186 0.376 1.175 10
-0.072 0.433 1.247 10
-0.013 0.347 0.959 10
-0.012 0.174 0.544 10
0.032 -0.153 0.196 10
0.166 -0.396 0.134 10
0.425 -0.33 0.155 9
0.771 -0.056 0.131 10
1.047 0.19 0.092 10
1.089 0.145 0.151 10
1.118 0.105 0.007 10
1.083 -0.017 -0.053 10
0.932 -0.041 -0.168 10
0.658 -0.175 -0.238 9
0.325 -0.424 -0.36 10
0.215 -0.313 -0.273 10
0.409 -0.075 -0.099 10
0.557 0.147 -0.08 10
0.536 0.15 -0.089 10
0.431 0.031 -0.098 10
0.31 -0.126 -0.131 10
0.262 -0.105 -0.083 9
0.192 -0.034 -0.109 11
0.044 -0.013 -0.331 9
-0.037 -0.02 -0.35 10
0.009 0.067 -0.228 10
0.0 0.026 -0.111 10
-0.069 -0.045 -0.005 10
-0.07 -0.04 0.046 10
0.022 0.057 0.042 9
0.063 0.207 0.115 10
0.039 0.238 0.043 10
-0.059 0.042 -0.253 13
-0.027 -0.091 -0.305 7
0.173 -0.082 -0.318 10
0.638 0.132 -0.674 10
0.885 -0.156 0.203 10
0.753 -0.692 0.01 10
0.661 -0.442 -0.042 9
0.405 -0.225 -0.434 10
0.304 0.081 -0.451 10
0.239 0.133 -0.294 10
0.138 -0.138 -0.083 10
0.038 -0.27 0.217 10
0.0 -0.123 0.419 10
0.025 0.009 0.541 10
0.031 0.163 0.487 9
-0.031 0.251 0.361 10
-0.114 0.234 0.135 10
-0.31 0.116 -0.024 10
-0.391 0.07 -0.022 10
-0.429 -0.083 -0.045 10
-0.447 -0.152 0.044 10
-0.41 -0.051 0.074 10
-0.309 -0.046 -0.001 9
-0.269 -0.05 -0.096 10
-0.225 -0.07 -0.181 10
-0.211 -0.081 -0.197 10
-0.181 -0.055 -0.16 10
-0.137 -0.032 -0.023 10
-0.115 -0.038 0.021 10
-0.052 -0.008 0.122 10
0.03 0.026 0.162 10
0.079 0.084 0.137 9
0.071 0.015 0.115 10
0.038 -0.029 0.086 10
-0.008 -0.017 0.086 10
-0.007 -0.05 0.051 10